"","COUNTYFP","geometry"
"1","197",list(list(c(-81.372928, -81.370528, -81.367228, -81.355827, -81.354527, -81.350627, -81.348027, -81.341126, -81.338326, -81.335226, -81.327734, -81.319425, -81.315425, -81.30689, -81.294086, -81.286458, -81.282258, -81.278736, -81.270159, -81.266535, -81.263124, -81.259877, -81.247904, -81.242469, -81.23811, -81.231871, -81.224624, -81.221568, -81.210851, -81.202524, -81.191819, -81.188707, -81.185228, -81.178854, -81.175655, -81.166057, -81.160394, -81.151382, -81.14151, -81.131994, -81.131051, 
-81.124813, -81.114319, -81.107098, -81.106884, -81.100544, -81.093834, -81.089636, -81.080272, -81.066395, -81.057122, -81.040955, -81.038032, -81.032514, -81.022227, -80.979665, -80.972963, -80.969704, -80.959339, -80.938524, -80.934553, -80.926992, -80.921247, -80.912674, -80.91004, -80.893249, -80.874798, -80.865973, -80.862576, -80.849694, -80.835144, -80.835014, -80.809345, -80.812091, -80.809522, -80.809293, -80.801717, -80.803109, -80.802713, -80.789941, -80.789372, -80.759896, -80.759734, 
-80.740483, -80.794776, -80.804182, -80.812735, -80.820817, -80.822228, -80.824199, -80.843363, -80.849963, -80.852531, -80.856422, -80.860193, -80.882095, -80.88337, -80.886231, -80.948407, -80.948907, -80.951778, -80.953713, -80.962858, -81.022269, -81.025742, -81.028306, -81.030306, -81.034056, -81.042428, -81.045907, -81.049408, -81.053508, -81.056208, -81.058508, -81.065509, -81.069309, -81.072309, -81.077509, -81.08061, -81.084188, -81.08651, -81.08781, -81.08761, -81.08511, -81.08481, -81.08851, 
-81.08851, -81.115212, -81.118412, -81.122612, -81.127813, -81.131513, -81.132213, -81.134613, -81.136713, -81.149014, -81.15102, -81.154114, -81.156036, -81.160315, -81.163715, -81.163415, -81.164515, -81.168315, -81.172813, -81.177016, -81.183516, -81.185516, -81.186817, -81.185816, -81.186016, -81.193017, -81.198117, -81.202723, -81.20747, -81.213054, -81.221823, -81.225232, -81.226847, -81.231105, -81.231796, -81.233224, -81.238853, -81.24207, -81.243404, -81.248621, -81.252821, -81.256647, -81.261987, 
-81.272446, -81.279435, -81.302063, -81.313343, -81.313819, -81.316608, -81.326855, -81.327673, -81.379402, -81.372928, 36.963317, 36.965717, 36.967217, 36.964517, 36.964617, 36.965817, 36.967517, 36.974517, 36.975417, 36.979617, 36.987117, 36.993417, 36.998517, 37.003848, 37.013746, 37.018993, 37.020362, 37.020759, 37.024885, 37.027399, 37.030557, 37.032174, 37.034816, 37.036869, 37.039013, 37.043327, 37.047835, 37.047944, 37.045605, 37.042448, 37.037035, 37.032205, 37.028994, 37.025099, 37.024752, 
37.024653, 37.025912, 37.029572, 37.034664, 37.038038, 37.038107, 37.032931, 37.022612, 37.025091, 37.025146, 37.026776, 37.028492, 37.030573, 37.034129, 37.036358, 37.039245, 37.042371, 37.043574, 37.046858, 37.048568, 37.053105, 37.054817, 37.057018, 37.060119, 37.066633, 37.066686, 37.069248, 37.071938, 37.073349, 37.067121, 37.027399, 37.011237, 37.005754, 37.003642, 36.99205, 36.978942, 36.978813, 36.953385, 36.952552, 36.94556, 36.940399, 36.943785, 36.945849, 36.946546, 36.93357, 36.932964, 
36.900271, 36.900261, 36.879001, 36.863387, 36.858615, 36.853232, 36.852048, 36.852859, 36.8528, 36.848125, 36.847623, 36.849069, 36.848196, 36.847356, 36.842618, 36.842156, 36.841659, 36.827921, 36.827807, 36.827191, 36.826773, 36.824701, 36.811313, 36.812658, 36.814422, 36.814522, 36.811603, 36.806448, 36.804722, 36.805422, 36.803422, 36.801122, 36.797622, 36.796422, 36.794822, 36.790822, 36.789722, 36.790222, 36.788097, 36.787522, 36.783022, 36.781422, 36.779122, 36.778222, 36.771122, 36.767422, 
36.768022, 36.766722, 36.766222, 36.766322, 36.767322, 36.764722, 36.763122, 36.763022, 36.765521, 36.767427, 36.769021, 36.76871, 36.767421, 36.765421, 36.763221, 36.762621, 36.762521, 36.763226, 36.764221, 36.764721, 36.764021, 36.762521, 36.759921, 36.758421, 36.757621, 36.759321, 36.759409, 36.759041, 36.759939, 36.760904, 36.764723, 36.764888, 36.763781, 36.762234, 36.761245, 36.761293, 36.759979, 36.760304, 36.76402, 36.76432, 36.763413, 36.763033, 36.792109, 36.806302, 36.849507, 36.870236, 
36.87112, 36.876504, 36.899459, 36.900438, 36.952442, 36.963317)))
