"","BIP_ID","tot_in_20m","tot_out_20m","bef_in_20m","bef_out_20m","aft_in_20m","aft_out_20m"
"1","AR1102-AG39",196,25762,0,45,196,25717
"2","CA1107-B40",3450,231602,0,1984,3450,229618
"3","CA1110-A40",0,208662,0,59,0,208662
"4","CA1112-A40",0,84220,0,12,0,84220
"5","CA1113-A40",112620,2390368,8,1099,112620,2390368
"6","CA1114-A40",49153,6635504,4,2583,49153,6635504
"7","CA1115-A40",17844,62734,1,0,17844,62734
"8","CO1106-A40",1747,63464,0,42,1747,63422
"9","CO1107-A40",2846,930471,3,46,2846,930471
"10","CO1108-B39",35731,206466,3,7,35731,206466
"11","CO1109-A40",89,73694,0,12,89,73694
"12","CO1110-A40",49,4954,0,0,49,4954
"13","CO1114-A40",77,52637,0,12,77,52637
"14","FL1105-A40",18569,2888348,57,21243,18512,2867105
"15","GA1105-A40",7199,453800,13,614,7186,453186
"16","GA1107-A40",8,97332,0,7,8,97332
"17","GA1109-C40",2201,12151,4,7,2201,12151
"18","NC1103-A40",0,466492,0,398,0,466094
"19","NC1105-A40",0,110710,0,0,0,110710
"20","NC1106-A40",16579,385708,0,20,16579,385708
"21","NC1107-B40",16892,486199,0,1075,16892,486199
"22","NC1108-A40",8872,522083,0,39,8872,522083
"23","NC1109-A40",15140,1322566,0,150,15140,1322566
"24","NC1110-A40",0,65805,0,9,0,65805
"25","OH1106-A40",22048,2891452,910,44797,21138,2846655
"26","OH1107-A40",1147,241801,0,1,1147,241801
"27","OH1108-A40",56058,2834094,0,34,56058,2834094
"28","OH1110-B40",12447,243845,0,4,12447,243845
"29","OH1111-A40",1095,242735,0,2,1095,242735
"30","TX1113-A40",394,385529,0,6926,394,378603
"31","TX1116-A40",0,50,0,0,0,50
"32","TX1119-A40",36,356593,0,0,36,356593
"33","TX1120-A40",1774,238414,0,3,1774,238414
"34","TX1122-A40",9,12347,0,0,9,12347
